['svm', 'ann', 'knn']
[[361   1   3   0   0   1   1   0   1   1]
 [  1 421   0   0   1   0   0   1   2   0]
 [  3   0 386   2   0   2   0   1   1   2]
 [  0   1   1 410   0   5   0   0   1   3]
 [  0   3   0   0 385   0   0   0   1   7]
 [  3   0   3   2   1 358   3   0   3   1]
 [  1   0   0   0   1   1 384   0   2   0]
 [  0   1   0   0   1   1   0 414   1   1]
 [  6   2   0   6   0   2   3   0 369   0]
 [  0   0   0   1   7   2   0   4   0 407]]
[[359   0   4   0   0   0   3   2   1   0]
 [  1 417   1   2   1   1   0   1   1   1]
 [  2   0 386   4   2   0   1   1   0   1]
 [  0   2   8 400   0   5   0   0   3   3]
 [  0   1   2   0 379   0   1   0   2  11]
 [  2   2   2   4   1 356   1   2   3   1]
 [  3   1   4   0   2   3 373   0   2   1]
 [  0   1   2   0   3   0   0 400   3  10]
 [  3   4   7   4   0   5   2   0 360   3]
 [  1   0   2   0   9   0   0   2   1 406]]
[[366   0   1   0   0   2   0   0   0   0]
 [  2 423   0   0   0   0   0   1   0   0]
 [  3   6 377   1   1   0   0   5   2   2]
 [  0   2   3 410   0   4   0   0   1   1]
 [  0   6   0   1 370   0   2   1   0  16]
 [  4   2   0   6   1 355   4   0   0   2]
 [  2   1   0   0   1   2 382   0   0   1]
 [  0   4   1   0   2   0   0 409   1   2]
 [ 11   5   3   3   3   6   3   1 352   1]
 [  0   1   0   3   8   1   0   6   1 401]]
[0.97375, 0.959, 0.96125]
[30.19996166229248, 51.21669340133667, 2.073580026626587]
[9.13148307800293, 0.04475975036621094, 77.88511896133423]
[0.97375, 0.959, 0.96125]
[0.026249999999999996, 0.041000000000000036, 0.03874999999999995]
